 PHHI   GFSX MOS GUIDANCE   1/01/2015  1200 UTC                       
 FHR  24  36| 48  60| 72  84| 96 108|120 132|144 156|168 180|192      
      FRI 02| SAT 03| SUN 04| MON 05| TUE 06| WED 07| THU 08|FRI CLIMO
 N/X  58  72| 64  70| 58  72| 58  73| 63  75| 62  76| 63  78| 64999999
 TMP  61  70| 66  69| 61  71| 61  72| 65  74| 65  75| 65  76| 66      
 DPT  56  58| 60  57| 56  56| 57  58| 60  59| 60  62| 61  63| 64      
 CLD  OV  OV| PC  PC| PC  CL| CL  CL| CL  CL| CL  PC| CL  CL| PC      
 WND   8  12| 19  15| 15  10| 10   7|  7   9|  9   8|  8   8|  8      
 P12  32  68| 49  17| 26  21| 16   9|  5   5| 11  12| 18  17| 17999999
 P24      60|     83|     24|     11|     14|     16|     29|      999
 Q12   1   3|  4   0|  1   0|  0   0|  0   0|  0   0|       |         
 Q24       3|      5|      0|      0|      0|      0|       |         
                                                                      
 PHJH   GFSX MOS GUIDANCE   1/01/2015  1200 UTC                       
 FHR  24  36| 48  60| 72  84| 96 108|120 132|144 156|168 180|192      
      FRI 02| SAT 03| SUN 04| MON 05| TUE 06| WED 07| THU 08|FRI CLIMO
 N/X 999  75|999  72|999  77|999  78|999  78|999  79|999  81|999999999
 TMP 999  74|999  70|999  75|999  76|999  77|999  78|999  81|999      
 DPT 999  62|999  57|999  60|999  62|999  61|999  62|999  64|999      
 CLD  OV  OV| OV  PC| PC  PC| CL  CL| CL  PC| PC  PC| PC  PC| PC      
 WND  16  14| 14  12| 11  14| 14  13| 12  13| 17  14| 14  11| 11      
 P12  33  33| 83  60| 67  32| 42  32| 30  20| 30   2| 12   9| 19999999
 P24      42|     75|     68|     40|     36|     17|     11|      999
 Q12   0   0|  4   2|  1   0|  0   0|  0   0|  0   0|       |         
 Q24       0|      4|      2|      0|      0|      0|       |         
                                                                      
 PHJR   GFSX MOS GUIDANCE   1/01/2015  1200 UTC                       
 FHR  24  36| 48  60| 72  84| 96 108|120 132|144 156|168 180|192      
      FRI 02| SAT 03| SUN 04| MON 05| TUE 06| WED 07| THU 08|FRI CLIMO
 N/X  61  77| 64  75| 61  77| 60  79| 62  80| 64  81| 66  81| 66999999
 TMP  63  75| 68  74| 64  76| 63  78| 65  79| 67  80| 69  79| 69      
 DPT  57  62| 59  57| 57  59| 58  61| 59  59| 61  61| 62  66| 65      
 CLD  OV  OV| PC  PC| PC  CL| CL  CL| CL  PC| CL  PC| CL  PC| PC      
 WND  12  19| 26  18| 18  11| 11   8|  8   8|  8   8|  8   8|  9      
 P12  29  68| 48  15| 25  21| 15   8|  4   5| 10  12| 17  16| 16999999
 P24      56|     79|     23|     10|     13|     15|     28|      999
 Q12   1   3|  4   0|  1   0|  0   0|  0   0|  0   0|       |         
 Q24       3|      5|      0|      0|      0|      0|       |         
